OPENWEATHER_API_KEY='6fa0a7c4e83f2394e22cfa4b0621a930'
LATITUDE=48.78904335272842
LONGITUDE=2.3637513000000006
